65536
0
92682
71
92682
142
92682
213
92681
284
92681
355
92681
427
92681
498
92680
569
92680
640
92679
711
92679
782
92678
853
92677
924
92677
995
92676
1066
92675
1137
92674
1208
92673
1280
92672
1351
92671
1422
92670
1493
92669
1564
92667
1635
92666
1706
92665
1777
92663
1848
92662
1919
92661
1990
92659
2061
92657
2132
92656
2203
92654
2275
92652
2346
92650
2417
92649
2488
92647
2559
92645
2630
92643
2701
92640
2772
92638
2843
92636
2914
92634
2985
92631
3056
92629
3127
92627
3198
92624
3269
92622
3340
92619
3411
92616
3482
92614
3553
92611
3624
92608
3695
92605
3767
92602
3838
92599
3909
92596
3980
92593
4051
92590
4122
92587
4193
92584
4264
92580
4335
92577
4406
92574
4477
92570
4548
92567
4619
92563
4690
92560
4761
92556
4832
92552
4903
92548
4974
92545
5045
92541
5116
92537
5187
92533
5258
92529
5329
92524
5399
92520
5470
92516
5541
92512
5612
92507
5683
92503
5754
92499
5825
92494
5896
92490
5967
92485
6038
92480
6109
92476
6180
92471
6251
92466
6322
92461
6393
92456
6464
92451
6534
92446
6605
92441
6676
92436
6747
92431
6818
92426
6889
92420
6960
92415
7031
92409
7102
92404
7173
92398
7243
92393
7314
92387
7385
92382
7456
92376
7527
92370
7598
92364
7669
92358
7739
92352
7810
92346
7881
92340
7952
92334
8023
92328
8093
92322
8164
92315
8235
92309
8306
92303
8377
92296
8448
92290
8518
92283
8589
92276
8660
92270
8731
92263
8801
92256
8872
92249
8943
92243
9014
92236
9084
92229
9155
92222
9226
92214
9297
92207
9367
92200
9438
92193
9509
92186
9579
92178
9650
92171
9721
92163
9792
92156
9862
92148
9933
92140
10004
92133
10074
92125
10145
92117
10216
92109
10286
92101
10357
92093
10428
92085
10498
92077
10569
92069
10639
92061
10710
92053
10781
92044
10851
92036
10922
92028
10992
92019
11063
92011
11134
92002
11204
91994
11275
91985
11345
91976
11416
91967
11486
91959
11557
91950
11627
91941
11698
91932
11768
91923
11839
91914
11909
91904
11980
91895
12050
91886
12121
91877
12191
91867
12262
91858
12332
91848
12403
91839
12473
91829
12544
91819
12614
91810
12684
91800
12755
91790
12825
91780
12896
91770
12966
91760
13036
91750
13107
91740
13177
91730
13248
91720
13318
91710
13388
91700
13459
91689
13529
91679
13599
91668
13670
91658
13740
91647
13810
91637
13880
91626
13951
91615
14021
91604
14091
91594
14162
91583
14232
91572
14302
91561
14372
91550
14442
91539
14513
91527
14583
91516
14653
91505
14723
91494
14793
91482
14864
91471
14934
91459
15004
91448
15074
91436
15144
91425
15214
91413
15284
91401
15355
91389
15425
91377
15495
91366
15565
91354
15635
91342
15705
91330
15775
91317
15845
91305
15915
91293
15985
91281
16055
91268
16125
91256
16195
91244
16265
91231
16335
91218
16405
91206
16475
91193
16545
91180
16615
91168
16685
91155
16755
91142
16825
91129
16895
91116
16964
91103
17034
91090
17104
91077
17174
91064
17244
91050
17314
91037
17384
91024
17453
91010
17523
90997
17593
90983
17663
90970
17733
90956
17802
90942
17872
90929
17942
90915
18012
90901
18081
90887
18151
90873
18221
90859
18290
90845
18360
90831
18430
90817
18499
90803
18569
90788
18639
90774
18708
90760
18778
90745
18848
90731
18917
90716
18987
90702
19056
90687
19126
90672
19195
90658
19265
90643
19335
90628
19404
90613
19474
90598
19543
90583
19613
90568
19682
90553
19751
90538
19821
90522
19890
90507
19960
90492
20029
90476
20099
90461
20168
90445
20237
90430
20307
90414
20376
90399
20445
90383
20515
90367
20584
90351
20653
90336
20723
90320
20792
90304
20861
90288
20930
90272
21000
90255
21069
90239
21138
90223
21207
90207
21277
90190
21346
90174
21415
90157
21484
90141
21553
90124
21622
90108
21691
90091
21761
90074
21830
90058
21899
90041
21968
90024
22037
90007
22106
89990
22175
89973
22244
89956
22313
89939
22382
89922
22451
89904
22520
89887
22589
89870
22658
89852
22727
89835
22796
89817
22864
89800
22933
89782
23002
89764
23071
89747
23140
89729
23209
89711
23278
89693
23346
89675
23415
89657
23484
89639
23553
89621
23621
89603
23690
89585
23759
89567
23828
89548
23896
89530
23965
89512
24034
89493
24102
89475
24171
89456
24240
89437
24308
89419
24377
89400
24445
89381
24514
89362
24582
89344
24651
89325
24719
89306
24788
89287
24856
89267
24925
89248
24993
89229
25062
89210
25130
89191
25199
89171
25267
89152
25335
89132
25404
89113
25472
89093
25541
89074
25609
89054
25677
89034
25745
89015
25814
88995
25882
88975
25950
88955
26018
88935
26087
88915
26155
88895
26223
88875
26291
88854
26359
88834
26428
88814
26496
88794
26564
88773
26632
88753
26700
88732
26768
88712
26836
88691
26904
88670
26972
88650
27040
88629
27108
88608
27176
88587
27244
88566
27312
88545
27380
88524
27448
88503
27516
88482
27584
88461
27651
88440
27719
88418
27787
88397
27855
88376
27923
88354
27990
88333
28058
88311
28126
88290
28194
88268
28261
88246
28329
88224
28397
88203
28464
88181
28532
88159
28600
88137
28667
88115
28735
88093
28802
88071
28870
88049
28938
88026
29005
88004
29073
87982
29140
87959
29208
87937
29275
87914
29342
87892
29410
87869
29477
87847
29545
87824
29612
87801
29679
87779
29747
87756
29814
87733
29881
87710
29949
87687
30016
87664
30083
87641
30150
87618
30218
87594
30285
87571
30352
87548
30419
87524
30486
87501
30553
87478
30620
87454
30688
87430
30755
87407
30822
87383
30889
87359
30956
87336
31023
87312
31090
87288
31157
87264
31224
87240
31291
87216
31357
87192
31424
87168
31491
87144
31558
87119
31625
87095
31692
87071
31758
87046
31825
87022
31892
86998
31959
86973
32025
86948
32092
86924
32159
86899
32225
86874
32292
86850
32359
86825
32425
86800
32492
86775
32558
86750
32625
86725
32692
86700
32758
86675
32825
86649
32891
86624
32957
86599
33024
86573
33090
86548
33157
86523
33223
86497
33289
86472
33356
86446
33422
86420
33488
86395
33555
86369
33621
86343
33687
86317
33753
86291
33820
86265
33886
86239
33952
86213
34018
86187
34084
86161
34150
86135
34216
86108
34282
86082
34348
86056
34414
86029
34480
86003
34546
85976
34612
85950
34678
85923
34744
85896
34810
85870
34876
85843
34942
85816
35008
85789
35073
85762
35139
85735
35205
85708
35271
85681
35336
85654
35402
85627
35468
85600
35533
85572
35599
85545
35665
85518
35730
85490
35796
85463
35862
85435
35927
85408
35993
85380
36058
85352
36124
85325
36189
85297
36254
85269
36320
85241
36385
85213
36451
85185
36516
85157
36581
85129
36647
85101
36712
85073
36777
85045
36842
85016
36908
84988
36973
84960
37038
84931
37103
84903
37168
84874
37233
84846
37298
84817
37363
84788
37429
84759
37494
84731
37559
84702
37624
84673
37688
84644
37753
84615
37818
84586
37883
84557
37948
84528
38013
84499
38078
84469
38143
84440
38207
84411
38272
84381
38337
84352
38401
84323
38466
84293
38531
84263
38595
84234
38660
84204
38725
84174
38789
84145
38854
84115
38918
84085
38983
84055
39047
84025
39112
83995
39176
83965
39241
83935
39305
83905
39369
83874
39434
83844
39498
83814
39562
83783
39627
83753
39691
83723
39755
83692
39819
83661
39883
83631
39948
83600
40012
83569
40076
83539
40140
83508
40204
83477
40268
83446
40332
83415
40396
83384
40460
83353
40524
83322
40588
83291
40652
83260
40716
83228
40780
83197
40843
83166
40907
83134
40971
83103
41035
83071
41098
83040
41162
83008
41226
82977
41289
82945
41353
82913
41417
82881
41480
82850
41544
82818
41607
82786
41671
82754
41734
82722
41798
82690
41861
82657
41925
82625
41988
82593
42051
82561
42115
82528
42178
82496
42241
82464
42305
82431
42368
82399
42431
82366
42494
82334
42557
82301
42620
82268
42684
82235
42747
82203
42810
82170
42873
82137
42936
82104
42999
82071
43062
82038
43125
82005
43188
81972
43250
81938
43313
81905
43376
81872
43439
81838
43502
81805
43565
81772
43627
81738
43690
81705
43753
81671
43815
81637
43878
81604
43941
81570
44003
81536
44066
81502
44128
81469
44191
81435
44253
81401
44316
81367
44378
81333
44440
81298
44503
81264
44565
81230
44627
81196
44690
81162
44752
81127
44814
81093
44876
81058
44939
81024
45001
80989
45063
80955
45125
80920
45187
80885
45249
80851
45311
80816
45373
80781
45435
80746
45497
80711
45559
80676
45621
80641
45683
80606
45745
80571
45806
80536
45868
80501
45930
80466
45992
80430
46053
80395
46115
80359
46177
80324
46238
80289
46300
80253
46361
80217
46423
80182
46485
80146
46546
80110
46607
80075
46669
80039
46730
80003
46792
79967
46853
79931
46914
79895
46976
79859
47037
79823
47098
79787
47159
79751
47221
79714
47282
79678
47343
79642
47404
79605
47465
79569
47526
79532
47587
79496
47648
79459
47709
79423
47770
79386
47831
79349
47892
79313
47953
79276
48013
79239
48074
79202
48135
79165
48196
79128
48256
79091
48317
79054
48378
79017
48438
78980
48499
78942
48559
78905
48620
78868
48680
78831
48741
78793
48801
78756
48862
78718
48922
78681
48983
78643
49043
78605
49103
78568
49163
78530
49224
78492
49284
78454
49344
78417
49404
78379
49464
78341
49525
78303
49585
78265
49645
78226
49705
78188
49765
78150
49825
78112
49885
78074
49944
78035
50004
77997
50064
77958
50124
77920
50184
77882
50243
77843
50303
77804
50363
77766
50423
77727
50482
77688
50542
77649
50601
77611
50661
77572
50720
77533
50780
77494
50839
77455
50899
77416
50958
77377
51017
77338
51077
77298
51136
77259
51195
77220
51255
77180
51314
77141
51373
77102
51432
77062
51491
77023
51550
76983
51609
76943
51668
76904
51727
76864
51786
76824
51845
76785
51904
76745
51963
76705
52022
76665
52081
76625
52140
76585
52198
76545
52257
76505
52316
76465
52374
76425
52433
76384
52492
76344
52550
76304
52609
76263
52667
76223
52726
76182
52784
76142
52843
76101
52901
76061
52959
76020
53018
75979
53076
75939
53134
75898
53192
75857
53251
75816
53309
75775
53367
75734
53425
75693
53483
75652
53541
75611
53599
75570
53657
75529
53715
75488
53773
75446
53831
75405
53889
75364
53947
75322
54004
75281
54062
75239
54120
75198
54178
75156
54235
75115
54293
75073
54350
75031
54408
74990
54466
74948
54523
74906
54581
74864
54638
74822
54695
74780
54753
74738
54810
74696
54867
74654
54925
74612
54982
74570
55039
74527
55096
74485
55153
74443
55211
74400
55268
74358
55325
74316
55382
74273
55439
74231
55496
74188
55553
74145
55609
74103
55666
74060
55723
74017
55780
73974
55837
73932
55893
73889
55950
73846
56007
73803
56063
73760
56120
73717
56176
73674
56233
73630
56289
73587
56346
73544
56402
73501
56459
73457
56515
73414
56571
73371
56628
73327
56684
73284
56740
73240
56796
73196
56853
73153
56909
73109
56965
73065
57021
73022
57077
72978
57133
72934
57189
72890
57245
72846
57301
72802
57356
72758
57412
72714
57468
72670
57524
72626
57580
72582
57635
72538
57691
72493
57747
72449
57802
72405
57858
72360
57913
72316
57969
72271
58024
72227
58080
72182
58135
72138
58190
72093
58246
72048
58301
72003
58356
71959
58411
71914
58466
71869
58522
71824
58577
71779
58632
71734
58687
71689
58742
71644
58797
71599
58852
71554
58907
71509
58961
71463
59016
71418
59071
71373
59126
71327
59181
71282
59235
71237
59290
71191
59345
71145
59399
71100
59454
71054
59508
71009
59563
70963
59617
70917
59672
70871
59726
70826
59780
70780
59835
70734
59889
70688
59943
70642
59997
70596
60051
70550
60106
70504
60160
70457
60214
70411
60268
70365
60322
70319
60376
70272
60430
70226
60483
70180
60537
70133
60591
70087
60645
70040
60699
69993
60752
69947
60806
69900
60860
69854
60913
69807
60967
69760
61020
69713
61074
69666
61127
69619
61181
69572
61234
69525
61287
69478
61341
69431
61394
69384
61447
69337
61500
69290
61554
69243
61607
69195
61660
69148
61713
69101
61766
69053
61819
69006
61872
68958
61925
68911
61978
68863
62030
68816
62083
68768
62136
68720
62189
68673
62241
68625
62294
68577
62347
68529
62399
68481
62452
68434
62504
68386
62557
68338
62609
68290
62662
68241
62714
68193
62766
68145
62819
68097
62871
68049
62923
68000
62975
67952
63027
67904
63079
67855
63131
67807
63183
67758
63235
67710
63287
67661
63339
67613
63391
67564
63443
67515
63495
67467
63547
67418
63598
67369
63650
67320
63702
67271
63753
67223
63805
67174
63856
67125
63908
67076
63959
67026
64011
66977
64062
66928
64114
66879
64165
66830
64216
66781
64267
66731
64319
66682
64370
66632
64421
66583
64472
66534
64523
66484
64574
66435
64625
66385
64676
66335
64727
66286
64778
66236
64829
66186
64879
66136
64930
66087
64981
66037
65031
65987
65082
65937
65133
65887
65183
65837
65234
65787
65284
65737
65335
65687
65385
65636
65435
65586
65486
65536
65536
65486
65586
65435
65636
65385
65687
65335
65737
65284
65787
65234
65837
65183
65887
65133
65937
65082
65987
65031
66037
64981
66087
64930
66136
64879
66186
64829
66236
64778
66286
64727
66335
64676
66385
64625
66435
64574
66484
64523
66534
64472
66583
64421
66632
64370
66682
64319
66731
64267
66781
64216
66830
64165
66879
64114
66928
64062
66977
64011
67026
63959
67076
63908
67125
63856
67174
63805
67223
63753
67271
63702
67320
63650
67369
63598
67418
63547
67467
63495
67515
63443
67564
63391
67613
63339
67661
63287
67710
63235
67758
63183
67807
63131
67855
63079
67904
63027
67952
62975
68000
62923
68049
62871
68097
62819
68145
62766
68193
62714
68241
62662
68290
62609
68338
62557
68386
62504
68434
62452
68481
62399
68529
62347
68577
62294
68625
62241
68673
62189
68720
62136
68768
62083
68816
62030
68863
61978
68911
61925
68958
61872
69006
61819
69053
61766
69101
61713
69148
61660
69195
61607
69243
61554
69290
61500
69337
61447
69384
61394
69431
61341
69478
61287
69525
61234
69572
61181
69619
61127
69666
61074
69713
61020
69760
60967
69807
60913
69854
60860
69900
60806
69947
60752
69993
60699
70040
60645
70087
60591
70133
60537
70180
60483
70226
60430
70272
60376
70319
60322
70365
60268
70411
60214
70457
60160
70504
60106
70550
60051
70596
59997
70642
59943
70688
59889
70734
59835
70780
59780
70826
59726
70871
59672
70917
59617
70963
59563
71009
59508
71054
59454
71100
59399
71145
59345
71191
59290
71237
59235
71282
59181
71327
59126
71373
59071
71418
59016
71463
58961
71509
58907
71554
58852
71599
58797
71644
58742
71689
58687
71734
58632
71779
58577
71824
58522
71869
58466
71914
58411
71959
58356
72003
58301
72048
58246
72093
58190
72138
58135
72182
58080
72227
58024
72271
57969
72316
57913
72360
57858
72405
57802
72449
57747
72493
57691
72538
57635
72582
57580
72626
57524
72670
57468
72714
57412
72758
57356
72802
57301
72846
57245
72890
57189
72934
57133
72978
57077
73022
57021
73065
56965
73109
56909
73153
56853
73196
56796
73240
56740
73284
56684
73327
56628
73371
56571
73414
56515
73457
56459
73501
56402
73544
56346
73587
56289
73630
56233
73674
56176
73717
56120
73760
56063
73803
56007
73846
55950
73889
55893
73932
55837
73974
55780
74017
55723
74060
55666
74103
55609
74145
55553
74188
55496
74231
55439
74273
55382
74316
55325
74358
55268
74400
55211
74443
55153
74485
55096
74527
55039
74570
54982
74612
54925
74654
54867
74696
54810
74738
54753
74780
54695
74822
54638
74864
54581
74906
54523
74948
54466
74990
54408
75031
54350
75073
54293
75115
54235
75156
54178
75198
54120
75239
54062
75281
54004
75322
53947
75364
53889
75405
53831
75446
53773
75488
53715
75529
53657
75570
53599
75611
53541
75652
53483
75693
53425
75734
53367
75775
53309
75816
53251
75857
53192
75898
53134
75939
53076
75979
53018
76020
52959
76061
52901
76101
52843
76142
52784
76182
52726
76223
52667
76263
52609
76304
52550
76344
52492
76384
52433
76425
52374
76465
52316
76505
52257
76545
52198
76585
52140
76625
52081
76665
52022
76705
51963
76745
51904
76785
51845
76824
51786
76864
51727
76904
51668
76943
51609
76983
51550
77023
51491
77062
51432
77102
51373
77141
51314
77180
51255
77220
51195
77259
51136
77298
51077
77338
51017
77377
50958
77416
50899
77455
50839
77494
50780
77533
50720
77572
50661
77611
50601
77649
50542
77688
50482
77727
50423
77766
50363
77804
50303
77843
50243
77882
50184
77920
50124
77958
50064
77997
50004
78035
49944
78074
49885
78112
49825
78150
49765
78188
49705
78226
49645
78265
49585
78303
49525
78341
49464
78379
49404
78417
49344
78454
49284
78492
49224
78530
49163
78568
49103
78605
49043
78643
48983
78681
48922
78718
48862
78756
48801
78793
48741
78831
48680
78868
48620
78905
48559
78942
48499
78980
48438
79017
48378
79054
48317
79091
48256
79128
48196
79165
48135
79202
48074
79239
48013
79276
47953
79313
47892
79349
47831
79386
47770
79423
47709
79459
47648
79496
47587
79532
47526
79569
47465
79605
47404
79642
47343
79678
47282
79714
47221
79751
47159
79787
47098
79823
47037
79859
46976
79895
46914
79931
46853
79967
46792
80003
46730
80039
46669
80075
46607
80110
46546
80146
46485
80182
46423
80217
46361
80253
46300
80289
46238
80324
46177
80359
46115
80395
46053
80430
45992
80466
45930
80501
45868
80536
45806
80571
45745
80606
45683
80641
45621
80676
45559
80711
45497
80746
45435
80781
45373
80816
45311
80851
45249
80885
45187
80920
45125
80955
45063
80989
45001
81024
44939
81058
44876
81093
44814
81127
44752
81162
44690
81196
44627
81230
44565
81264
44503
81298
44440
81333
44378
81367
44316
81401
44253
81435
44191
81469
44128
81502
44066
81536
44003
81570
43941
81604
43878
81637
43815
81671
43753
81705
43690
81738
43627
81772
43565
81805
43502
81838
43439
81872
43376
81905
43313
81938
43250
81972
43188
82005
43125
82038
43062
82071
42999
82104
42936
82137
42873
82170
42810
82203
42747
82235
42684
82268
42620
82301
42557
82334
42494
82366
42431
82399
42368
82431
42305
82464
42241
82496
42178
82528
42115
82561
42051
82593
41988
82625
41925
82657
41861
82690
41798
82722
41734
82754
41671
82786
41607
82818
41544
82850
41480
82881
41417
82913
41353
82945
41289
82977
41226
83008
41162
83040
41098
83071
41035
83103
40971
83134
40907
83166
40843
83197
40780
83228
40716
83260
40652
83291
40588
83322
40524
83353
40460
83384
40396
83415
40332
83446
40268
83477
40204
83508
40140
83539
40076
83569
40012
83600
39948
83631
39883
83661
39819
83692
39755
83723
39691
83753
39627
83783
39562
83814
39498
83844
39434
83874
39369
83905
39305
83935
39241
83965
39176
83995
39112
84025
39047
84055
38983
84085
38918
84115
38854
84145
38789
84174
38725
84204
38660
84234
38595
84263
38531
84293
38466
84323
38401
84352
38337
84381
38272
84411
38207
84440
38143
84469
38078
84499
38013
84528
37948
84557
37883
84586
37818
84615
37753
84644
37688
84673
37624
84702
37559
84731
37494
84759
37429
84788
37363
84817
37298
84846
37233
84874
37168
84903
37103
84931
37038
84960
36973
84988
36908
85016
36842
85045
36777
85073
36712
85101
36647
85129
36581
85157
36516
85185
36451
85213
36385
85241
36320
85269
36254
85297
36189
85325
36124
85352
36058
85380
35993
85408
35927
85435
35862
85463
35796
85490
35730
85518
35665
85545
35599
85572
35533
85600
35468
85627
35402
85654
35336
85681
35271
85708
35205
85735
35139
85762
35073
85789
35008
85816
34942
85843
34876
85870
34810
85896
34744
85923
34678
85950
34612
85976
34546
86003
34480
86029
34414
86056
34348
86082
34282
86108
34216
86135
34150
86161
34084
86187
34018
86213
33952
86239
33886
86265
33820
86291
33753
86317
33687
86343
33621
86369
33555
86395
33488
86420
33422
86446
33356
86472
33289
86497
33223
86523
33157
86548
33090
86573
33024
86599
32957
86624
32891
86649
32825
86675
32758
86700
32692
86725
32625
86750
32558
86775
32492
86800
32425
86825
32359
86850
32292
86874
32225
86899
32159
86924
32092
86948
32025
86973
31959
86998
31892
87022
31825
87046
31758
87071
31692
87095
31625
87119
31558
87144
31491
87168
31424
87192
31357
87216
31291
87240
31224
87264
31157
87288
31090
87312
31023
87336
30956
87359
30889
87383
30822
87407
30755
87430
30688
87454
30620
87478
30553
87501
30486
87524
30419
87548
30352
87571
30285
87594
30218
87618
30150
87641
30083
87664
30016
87687
29949
87710
29881
87733
29814
87756
29747
87779
29679
87801
29612
87824
29545
87847
29477
87869
29410
87892
29342
87914
29275
87937
29208
87959
29140
87982
29073
88004
29005
88026
28938
88049
28870
88071
28802
88093
28735
88115
28667
88137
28600
88159
28532
88181
28464
88203
28397
88224
28329
88246
28261
88268
28194
88290
28126
88311
28058
88333
27990
88354
27923
88376
27855
88397
27787
88418
27719
88440
27651
88461
27584
88482
27516
88503
27448
88524
27380
88545
27312
88566
27244
88587
27176
88608
27108
88629
27040
88650
26972
88670
26904
88691
26836
88712
26768
88732
26700
88753
26632
88773
26564
88794
26496
88814
26428
88834
26359
88854
26291
88875
26223
88895
26155
88915
26087
88935
26018
88955
25950
88975
25882
88995
25814
89015
25745
89034
25677
89054
25609
89074
25541
89093
25472
89113
25404
89132
25335
89152
25267
89171
25199
89191
25130
89210
25062
89229
24993
89248
24925
89267
24856
89287
24788
89306
24719
89325
24651
89344
24582
89362
24514
89381
24445
89400
24377
89419
24308
89437
24240
89456
24171
89475
24102
89493
24034
89512
23965
89530
23896
89548
23828
89567
23759
89585
23690
89603
23621
89621
23553
89639
23484
89657
23415
89675
23346
89693
23278
89711
23209
89729
23140
89747
23071
89764
23002
89782
22933
89800
22864
89817
22796
89835
22727
89852
22658
89870
22589
89887
22520
89904
22451
89922
22382
89939
22313
89956
22244
89973
22175
89990
22106
90007
22037
90024
21968
90041
21899
90058
21830
90074
21761
90091
21691
90108
21622
90124
21553
90141
21484
90157
21415
90174
21346
90190
21277
90207
21207
90223
21138
90239
21069
90255
21000
90272
20930
90288
20861
90304
20792
90320
20723
90336
20653
90351
20584
90367
20515
90383
20445
90399
20376
90414
20307
90430
20237
90445
20168
90461
20099
90476
20029
90492
19960
90507
19890
90522
19821
90538
19751
90553
19682
90568
19613
90583
19543
90598
19474
90613
19404
90628
19335
90643
19265
90658
19195
90672
19126
90687
19056
90702
18987
90716
18917
90731
18848
90745
18778
90760
18708
90774
18639
90788
18569
90803
18499
90817
18430
90831
18360
90845
18290
90859
18221
90873
18151
90887
18081
90901
18012
90915
17942
90929
17872
90942
17802
90956
17733
90970
17663
90983
17593
90997
17523
91010
17453
91024
17384
91037
17314
91050
17244
91064
17174
91077
17104
91090
17034
91103
16964
91116
16895
91129
16825
91142
16755
91155
16685
91168
16615
91180
16545
91193
16475
91206
16405
91218
16335
91231
16265
91244
16195
91256
16125
91268
16055
91281
15985
91293
15915
91305
15845
91317
15775
91330
15705
91342
15635
91354
15565
91366
15495
91377
15425
91389
15355
91401
15284
91413
15214
91425
15144
91436
15074
91448
15004
91459
14934
91471
14864
91482
14793
91494
14723
91505
14653
91516
14583
91527
14513
91539
14442
91550
14372
91561
14302
91572
14232
91583
14162
91594
14091
91604
14021
91615
13951
91626
13880
91637
13810
91647
13740
91658
13670
91668
13599
91679
13529
91689
13459
91700
13388
91710
13318
91720
13248
91730
13177
91740
13107
91750
13036
91760
12966
91770
12896
91780
12825
91790
12755
91800
12684
91810
12614
91819
12544
91829
12473
91839
12403
91848
12332
91858
12262
91867
12191
91877
12121
91886
12050
91895
11980
91904
11909
91914
11839
91923
11768
91932
11698
91941
11627
91950
11557
91959
11486
91967
11416
91976
11345
91985
11275
91994
11204
92002
11134
92011
11063
92019
10992
92028
10922
92036
10851
92044
10781
92053
10710
92061
10639
92069
10569
92077
10498
92085
10428
92093
10357
92101
10286
92109
10216
92117
10145
92125
10074
92133
10004
92140
9933
92148
9862
92156
9792
92163
9721
92171
9650
92178
9579
92186
9509
92193
9438
92200
9367
92207
9297
92214
9226
92222
9155
92229
9084
92236
9014
92243
8943
92249
8872
92256
8801
92263
8731
92270
8660
92276
8589
92283
8518
92290
8448
92296
8377
92303
8306
92309
8235
92315
8164
92322
8093
92328
8023
92334
7952
92340
7881
92346
7810
92352
7739
92358
7669
92364
7598
92370
7527
92376
7456
92382
7385
92387
7314
92393
7243
92398
7173
92404
7102
92409
7031
92415
6960
92420
6889
92426
6818
92431
6747
92436
6676
92441
6605
92446
6534
92451
6464
92456
6393
92461
6322
92466
6251
92471
6180
92476
6109
92480
6038
92485
5967
92490
5896
92494
5825
92499
5754
92503
5683
92507
5612
92512
5541
92516
5470
92520
5399
92524
5329
92529
5258
92533
5187
92537
5116
92541
5045
92545
4974
92548
4903
92552
4832
92556
4761
92560
4690
92563
4619
92567
4548
92570
4477
92574
4406
92577
4335
92580
4264
92584
4193
92587
4122
92590
4051
92593
3980
92596
3909
92599
3838
92602
3767
92605
3695
92608
3624
92611
3553
92614
3482
92616
3411
92619
3340
92622
3269
92624
3198
92627
3127
92629
3056
92631
2985
92634
2914
92636
2843
92638
2772
92640
2701
92643
2630
92645
2559
92647
2488
92649
2417
92650
2346
92652
2275
92654
2203
92656
2132
92657
2061
92659
1990
92661
1919
92662
1848
92663
1777
92665
1706
92666
1635
92667
1564
92669
1493
92670
1422
92671
1351
92672
1280
92673
1208
92674
1137
92675
1066
92676
995
92677
924
92677
853
92678
782
92679
711
92679
640
92680
569
92680
498
92681
427
92681
355
92681
284
92681
213
92682
142
92682
71
92682
