         8          8
       -735       -735
       1703       1703
      -1402      -1402
        194        194
       -400       -400
        974        974
        119        119
        365        365
       -676       -676
       -231       -231
       -416       -416
        517        517
        431        431
        773        773
         79         79
         26         26
       -477       -477
        -67        -67
        -81        -81
        384        384
        161        161
        299        299
        -22        -22
        236        236
        175        175
        531        531
        366        366
        391        391
        -31        -31
        -14        -14
       -202       -202
         89         89
        134        134
        407        407
        292        292
        399        399
        240        240
        446        446
        442        442
        627        627
        448        448
        412        412
        111        111
        116        116
         64         64
        287        287
        302        302
        447        447
        341        341
        409        409
        371        371
        544        544
        547        547
        680        680
        524        524
        509        509
        337        337
        404        404
        391        391
        561        561
        530        530
        585        585
        464        464
        490        490
        441        441
        561        561
        530        530
        609        609
        498        498
        528        528
        449        449
        609        609
        654        654
        823        823
        813        813
        854        854
        744        744
        745        745
        672        672
        746        746
        667        667
        643        643
        508        508
        510        510
        457        457
        588        588
        633        633
        746        746
        740        740
        758        758
        711        711
        793        793
        787        787
        886        886
        863        863
        893        893
        812        812
        852        852
        826        826
        935        935
        934        934
        968        968
        890        890
        868        868
        780        780
        807        807
        795        795
        855        855
        822        822
        829        829
        785        785
        854        854
        877        877
        985        985
       1006       1006
       1041       1041
        968        968
        968        968
        904        904
        967        967
        957        957
        998        998
        988        988
       1006       1006
        967        967
       1056       1056
       1108       1108
       1176       1176
       1155       1155
       1170       1170
       1087       1087
       1079       1079
       1045       1045
       1083       1083
       1077       1077
       1090       1090
       1038       1038
       1057       1057
       1032       1032
       1089       1089
       1102       1102
       1152       1152
       1130       1130
       1134       1134
       1093       1093
       1110       1110
       1150       1150
       1246       1246
       1246       1246
       1319       1319
       1308       1308
       1334       1334
       1341       1341
       1405       1405
       1390       1390
       1385       1385
       1305       1305
       1261       1261
       1191       1191
       1225       1225
       1210       1210
       1279       1279
       1259       1259
       1284       1284
       1275       1275
       1289       1289
       1316       1316
       1374       1374
       1364       1364
       1394       1394
       1343       1343
       1352       1352
       1336       1336
       1388       1388
       1402       1402
       1451       1451
       1438       1438
       1432       1432
       1417       1417
       1447       1447
       1444       1444
       1500       1500
       1485       1485
       1498       1498
       1471       1471
       1457       1457
       1481       1481
       1552       1552
       1579       1579
       1631       1631
       1605       1605
       1611       1611
       1592       1592
       1612       1612
       1610       1610
       1628       1628
       1590       1590
       1584       1584
       1544       1544
       1559       1559
       1569       1569
       1611       1611
       1658       1658
       1677       1677
       1653       1653
       1672       1672
       1654       1654
       1696       1696
       1711       1711
       1715       1715
       1691       1691
       1694       1694
       1692       1692
       1740       1740
       1735       1735
       1806       1806
       1805       1805
       1822       1822
       1813       1813
       1827       1827
       1826       1826
       1870       1870
       1895       1895
       1909       1909
       1900       1900
       1891       1891
       1882       1882
       1920       1920
       1941       1941
       1973       1973
       1932       1932
       1909       1909
       1841       1841
       1836       1836
       1821       1821
       1827       1827
       1793       1793
       1810       1810
       1783       1783
       1806       1806
       1842       1842
       1893       1893
       1932       1932
       1971       1971
       1965       1965
       1969       1969
       1965       1965
       2000       2000
       2001       2001
       2067       2067
       2062       2062
       2070       2070
       2050       2050
       2078       2078
       2079       2079
       2127       2127
       2131       2131
       2145       2145
       2109       2109
       2108       2108
       2108       2108
       2109       2109
       2142       2142
       2164       2164
       2171       2171
       2186       2186
       2167       2167
       2188       2188
       2200       2200
       2248       2248
       2232       2232
       2221       2221
       2174       2174
       2164       2164
       2171       2171
       2208       2208
       2215       2215
       2243       2243
       2249       2249
       2252       2252
       2275       2275
       2306       2306
       2314       2314
       2351       2351
       2347       2347
       2343       2343
       2314       2314
       2313       2313
       2319       2319
       2358       2358
       2373       2373
       2386       2386
       2381       2381
       2395       2395
       2405       2405
       2437       2437
       2439       2439
       2496       2496
       2475       2475
       2476       2476
       2471       2471
       2496       2496
       2518       2518
       2552       2552
       2575       2575
       2573       2573
       2563       2563
       2556       2556
       2568       2568
       2568       2568
       2540       2540
       2560       2560
       2519       2519
       2524       2524
       2506       2506
       2538       2538
       2570       2570
       2597       2597
       2584       2584
       2615       2615
       2603       2603
       2615       2615
       2619       2619
       2645       2645
       2642       2642
       2641       2641
       2630       2630
       2617       2617
       2618       2618
       2634       2634
       2656       2656
       2679       2679
       2653       2653
       2671       2671
       2668       2668
       2679       2679
       2699       2699
       2720       2720
       2723       2723
       2738       2738
       2738       2738
       2749       2749
       2769       2769
       2815       2815
       2841       2841
       2854       2854
       2845       2845
       2834       2834
       2829       2829
       2828       2828
       2851       2851
       2857       2857
       2836       2836
       2842       2842
       2828       2828
       2852       2852
       2871       2871
       2894       2894
       2916       2916
       2901       2901
       2889       2889
       2890       2890
       2869       2869
       2890       2890
       2893       2893
       2917       2917
       2891       2891
       2893       2893
       2902       2902
       2931       2931
       2953       2953
       2992       2992
       2996       2996
       2999       2999
       3006       3006
       3014       3014
       3036       3036
       3065       3065
       3066       3066
       3095       3095
       3079       3079
       3090       3090
       3097       3097
       3119       3119
       3131       3131
       3138       3138
       3133       3133
       3115       3115
       3092       3092
       3096       3096
       3123       3123
       3134       3134
       3143       3143
       3166       3166
       3172       3172
       3194       3194
       3225       3225
       3243       3243
       3272       3272
       3284       3284
       3271       3271
       3270       3270
       3257       3257
       3274       3274
       3296       3296
       3304       3304
       3304       3304
       3306       3306
       3304       3304
       3316       3316
       3327       3327
       3343       3343
       3353       3353
       3349       3349
       3324       3324
       3334       3334
       3344       3344
       3354       3354
       3386       3386
       3390       3390
       3399       3399
       3391       3391
       3382       3382
       3402       3402
       3413       3413
       3422       3422
       3427       3427
       3413       3413
       3399       3399
       3404       3404
       3434       3434
       3459       3459
       3481       3481
       3513       3513
       3503       3503
       3529       3529
       3540       3540
       3547       3547
       3570       3570
       3583       3583
       3584       3584
       3578       3578
       3594       3594
       3596       3596
       3625       3625
       3631       3631
       3655       3655
       3668       3668
       3664       3664
       3672       3672
       3690       3690
       3694       3694
       3696       3696
       3709       3709
       3689       3689
       3670       3670
       3661       3661
       3669       3669
       3684       3684
       3692       3692
       3695       3695
       3687       3687
       3672       3672
       3665       3665
       3680       3680
       3669       3669
       3702       3702
       3689       3689
       3689       3689
       3708       3708
       3714       3714
       3745       3745
       3780       3780
       3803       3803
       3830       3830
       3823       3823
       3830       3830
       3837       3837
       3855       3855
       3851       3851
       3854       3854
       3842       3842
       3851       3851
       3855       3855
       3860       3860
       3888       3888
       3918       3918
       3921       3921
       3923       3923
       3923       3923
       3925       3925
       3935       3935
       3949       3949
       3988       3988
       3984       3984
       3990       3990
       3994       3994
       4015       4015
       4018       4018
       4047       4047
       4070       4070
       4063       4063
       4055       4055
       4040       4040
       4048       4048
       4065       4065
       4060       4060
       4084       4084
       4087       4087
       4093       4093
       4092       4092
       4104       4104
       4125       4125
       4133       4133
       4138       4138
       4126       4126
       4120       4120
       4102       4102
       4127       4127
       4135       4135
       4148       4148
       4149       4149
       4164       4164
       4167       4167
       4171       4171
       4195       4195
       4223       4223
       4226       4226
       4231       4231
       4229       4229
       4231       4231
       4230       4230
       4241       4241
       4259       4259
       4260       4260
       4280       4280
       4265       4265
       4279       4279
       4286       4286
       4293       4293
       4313       4313
       4308       4308
       4300       4300
       4309       4309
       4310       4310
       4333       4333
       4362       4362
       4393       4393
       4410       4410
       4426       4426
       4422       4422
       4439       4439
       4452       4452
       4466       4466
       4489       4489
       4490       4490
       4482       4482
       4471       4471
       4492       4492
       4505       4505
       4529       4529
       4547       4547
       4541       4541
       4560       4560
       4575       4575
       4584       4584
       4608       4608
       4619       4619
       4619       4619
       4610       4610
       4607       4607
       4621       4621
       4632       4632
       4651       4651
       4658       4658
       4666       4666
       4657       4657
       4657       4657
       4646       4646
       4645       4645
       4656       4656
       4664       4664
       4651       4651
       4649       4649
       4640       4640
       4653       4653
       4685       4685
       4694       4694
       4720       4720
       4719       4719
       4722       4722
       4730       4730
       4737       4737
       4751       4751
       4774       4774
       4780       4780
       4793       4793
       4788       4788
       4801       4801
       4828       4828
       4858       4858
       4874       4874
       4895       4895
       4905       4905
       4909       4909
       4908       4908
       4915       4915
       4929       4929
       4946       4946
       4942       4942
       4924       4924
       4933       4933
       4946       4946
       4952       4952
       4962       4962
       4976       4976
       4982       4982
       4961       4961
       4973       4973
       4965       4965
       4982       4982
       4997       4997
       5019       5019
       5024       5024
       5025       5025
       5037       5037
       5068       5068
       5083       5083
       5090       5090
       5096       5096
       5112       5112
       5093       5093
       5073       5073
       5088       5088
       5098       5098
       5098       5098
       5101       5101
       5104       5104
       5092       5092
       5108       5108
       5127       5127
       5148       5148
       5157       5157
       5159       5159
       5157       5157
       5161       5161
       5183       5183
       5166       5166
       5190       5190
       5197       5197
       5204       5204
       5215       5215
       5218       5218
       5226       5226
       5234       5234
       5256       5256
       5271       5271
       5268       5268
       5274       5274
       5270       5270
       5284       5284
       5293       5293
       5342       5342
       5338       5338
       5339       5339
       5351       5351
       5372       5372
       5381       5381
       5391       5391
       5403       5403
       5385       5385
       5393       5393
       5392       5392
       5399       5399
       5415       5415
       5434       5434
       5437       5437
       5457       5457
       5446       5446
       5452       5452
       5468       5468
       5482       5482
       5483       5483
       5492       5492
       5488       5488
       5484       5484
       5470       5470
       5493       5493
       5516       5516
       5536       5536
       5539       5539
       5553       5553
       5554       5554
       5548       5548
       5575       5575
       5584       5584
       5597       5597
       5615       5615
       5619       5619
       5614       5614
       5635       5635
       5645       5645
       5681       5681
       5691       5691
       5702       5702
       5694       5694
       5702       5702
       5694       5694
       5698       5698
       5702       5702
       5716       5716
       5699       5699
       5689       5689
       5695       5695
       5704       5704
       5717       5717
       5737       5737
       5746       5746
       5746       5746
       5750       5750
       5763       5763
       5761       5761
       5779       5779
       5792       5792
       5810       5810
       5790       5790
       5791       5791
       5806       5806
       5821       5821
       5832       5832
       5863       5863
       5851       5851
       5854       5854
       5846       5846
       5851       5851
       5859       5859
       5872       5872
       5889       5889
       5894       5894
       5902       5902
       5911       5911
       5929       5929
       5966       5966
       5971       5971
       5983       5983
       5994       5994
       5989       5989
       5987       5987
       6003       6003
       6010       6010
       6029       6029
       6042       6042
       6052       6052
       6053       6053
       6072       6072
       6077       6077
       6111       6111
       6113       6113
       6119       6119
       6116       6116
       6119       6119
       6107       6107
       6110       6110
       6122       6122
       6132       6132
       6132       6132
       6133       6133
       6127       6127
       6140       6140
       6150       6150
       6158       6158
       6170       6170
       6172       6172
       6166       6166
       6186       6186
       6181       6181
       6213       6213
       6228       6228
       6238       6238
       6252       6252
       6275       6275
       6265       6265
       6294       6294
       6296       6296
       6316       6316
       6309       6309
       6311       6311
       6297       6297
       6319       6319
       6326       6326
       6345       6345
       6353       6353
       6374       6374
       6374       6374
       6378       6378
       6387       6387
       6411       6411
       6412       6412
       6424       6424
       6429       6429
       6439       6439
       6424       6424
       6425       6425
       6446       6446
       6468       6468
       6460       6460
       6466       6466
       6464       6464
       6472       6472
       6472       6472
       6472       6472
       6493       6493
       6506       6506
       6506       6506
       6513       6513
       6519       6519
       6544       6544
       6554       6554
       6584       6584
       6592       6592
       6613       6613
       6601       6601
       6632       6632
       6625       6625
       6637       6637
       6646       6646
       6661       6661
       6644       6644
       6648       6648
       6660       6660
       6680       6680
       6695       6695
       6703       6703
       6710       6710
       6716       6716
       6703       6703
       6711       6711
       6720       6720
       6719       6719
       6715       6715
       6720       6720
       6716       6716
       6715       6715
       6726       6726
       6765       6765
       6774       6774
       6781       6781
       6778       6778
       6787       6787
       6788       6788
       6814       6814
       6819       6819
       6848       6848
       6845       6845
       6857       6857
       6865       6865
       6885       6885
       6903       6903
       6916       6916
       6911       6911
       6932       6932
       6919       6919
       6905       6905
       6907       6907
       6925       6925
       6926       6926
       6929       6929
       6939       6939
       6952       6952
       6958       6958
       6979       6979
       6995       6995
       7028       7028
       7038       7038
       7033       7033
       7035       7035
       7043       7043
       7054       7054
       7073       7073
       7076       7076
       7094       7094
       7084       7084
       7094       7094
       7102       7102
       7117       7117
       7126       7126
       7132       7132
       7146       7146
       7141       7141
       7135       7135
       7159       7159
       7153       7153
       7180       7180
       7188       7188
       7211       7211
       7197       7197
       7209       7209
       7212       7212
       7232       7232
       7240       7240
       7238       7238
       7232       7232
       7226       7226
       7227       7227
       7217       7217
       7234       7234
       7262       7262
       7261       7261
       7266       7266
       7268       7268
       7283       7283
       7287       7287
       7308       7308
       7305       7305
       7315       7315
       7298       7298
       7299       7299
       7301       7301
       7337       7337
       7330       7330
       7345       7345
       7335       7335
       7351       7351
       7347       7347
       7369       7369
       7380       7380
       7403       7403
       7399       7399
       7404       7404
       7393       7393
       7411       7411
       7428       7428
       7447       7447
       7453       7453
       7473       7473
       7473       7473
       7479       7479
       7483       7483
       7481       7481
       7499       7499
       7522       7522
       7509       7509
       7525       7525
       7523       7523
       7546       7546
       7566       7566
       7588       7588
       7614       7614
       7638       7638
       7636       7636
       7666       7666
       7664       7664
       7687       7687
       7692       7692
       7713       7713
       7693       7693
       7693       7693
       7698       7698
       7717       7717
       7723       7723
       7742       7742
       7740       7740
       7747       7747
       7740       7740
       7748       7748
       7753       7753
       7775       7775
       7773       7773
       7793       7793
       7785       7785
       7796       7796
       7801       7801
       7821       7821
       7836       7836
       7851       7851
       7844       7844
       7856       7856
       7841       7841
       7852       7852
       7851       7851
       7861       7861
       7853       7853
       7866       7866
       7852       7852
       7869       7869
       7863       7863
       7888       7888
       7898       7898
       7915       7915
       7899       7899
       7894       7894
       7890       7890
       7902       7902
       7908       7908
       7924       7924
       7923       7923
       7924       7924
       7928       7928
       7950       7950
       7969       7969
       8002       8002
       8004       8004
       8039       8039
       8024       8024
       8044       8044
       8042       8042
       8077       8077
       8083       8083
       8110       8110
       8110       8110
       8131       8131
       8120       8120
       8141       8141
       8151       8151
       8170       8170
       8163       8163
       8159       8159
       8154       8154
       8159       8159
       8154       8154
       8178       8178
       8191       8191
       8201       8201
       8200       8200
       8217       8217
       8223       8223
       8238       8238
       8244       8244
       8256       8256
       8256       8256
       8259       8259
       8241       8241
       8256       8256
       8259       8259
       8278       8278
       8281       8281
       8305       8305
       8289       8289
       8317       8317
       8320       8320
       8355       8355
       8355       8355
       8371       8371
       8380       8380
       8399       8399
       8389       8389
       8416       8416
       8432       8432
       8463       8463
       8459       8459
       8476       8476
       8481       8481
       8499       8499
       8488       8488
       8516       8516
       8505       8505
       8514       8514
       8493       8493
       8514       8514
       8507       8507
       8520       8520
       8520       8520
       8554       8554
       8549       8549
       8550       8550
       8546       8546
       8565       8565
       8552       8552
       8554       8554
       8565       8565
       8562       8562
       8555       8555
       8553       8553
       8557       8557
       8591       8591
       8594       8594
       8609       8609
       8608       8608
       8618       8618
       8615       8615
       8639       8639
       8644       8644
       8659       8659
       8659       8659
       8676       8676
       8661       8661
       8668       8668
       8678       8678
       8701       8701
       8705       8705
       8716       8716
       8705       8705
       8720       8720
       8710       8710
       8737       8737
       8739       8739
       8762       8762
       8761       8761
       8775       8775
       8782       8782
       8820       8820
       8837       8837
       8860       8860
       8876       8876
       8903       8903
       8885       8885
       8896       8896
       8894       8894
       8913       8913
       8916       8916
       8929       8929
       8930       8930
       8936       8936
       8938       8938
       8977       8977
       8985       8985
       9007       9007
       8998       8998
       9007       9007
       9001       9001
       9014       9014
       9026       9026
       9052       9052
       9053       9053
       9060       9060
       9052       9052
       9070       9070
       9084       9084
       9088       9088
       9101       9101
       9125       9125
       9103       9103
       9100       9100
       9083       9083
       9115       9115
       9110       9110
       9131       9131
       9139       9139
       9152       9152
       9133       9133
       9148       9148
       9158       9158
       9168       9168
       9179       9179
       9183       9183
       9166       9166
       9174       9174
       9160       9160
       9173       9173
       9180       9180
       9220       9220
       9204       9204
       9223       9223
       9216       9216
       9231       9231
       9237       9237
       9261       9261
       9267       9267
       9283       9283
       9266       9266
       9270       9270
       9281       9281
       9288       9288
       9303       9303
       9322       9322
       9322       9322
       9334       9334
       9326       9326
       9349       9349
       9358       9358
       9374       9374
       9368       9368
       9380       9380
       9383       9383
       9388       9388
       9400       9400
       9445       9445
       9445       9445
       9464       9464
       9471       9471
       9481       9481
       9477       9477
       9489       9489
       9493       9493
       9512       9512
       9487       9487
       9477       9477
       9484       9484
       9505       9505
       9503       9503
       9532       9532
       9542       9542
       9556       9556
       9548       9548
       9575       9575
       9582       9582
       9608       9608
       9604       9604
       9638       9638
       9621       9621
       9634       9634
       9634       9634
       9653       9653
       9663       9663
       9688       9688
       9692       9692
       9687       9687
       9676       9676
       9695       9695
       9685       9685
       9687       9687
       9694       9694
       9709       9709
       9705       9705
       9711       9711
       9705       9705
       9742       9742
       9746       9746
       9764       9764
       9754       9754
       9770       9770
       9746       9746
       9770       9770
       9771       9771
       9793       9793
       9779       9779
       9808       9808
       9805       9805
       9821       9821
       9826       9826
       9882       9882
       9882       9882
       9901       9901
       9901       9901
       9905       9905
       9906       9906
       9912       9912
       9928       9928
       9953       9953
       9938       9938
       9955       9955
       9926       9926
       9951       9951
       9957       9957
       9984       9984
       9974       9974
       9985       9985
       9975       9975
       9982       9982
       9973       9973
       9990       9990
      10010      10010
      10035      10035
      10031      10031
      10044      10044
      10045      10045
      10083      10083
      10098      10098
      10111      10111
      10103      10103
      10103      10103
      10102      10102
      10115      10115
      10108      10108
      10132      10132
      10133      10133
      10158      10158
      10149      10149
      10173      10173
      10183      10183
      10209      10209
      10220      10220
      10231      10231
      10241      10241
      10240      10240
      10240      10240
      10250      10250
      10262      10262
      10285      10285
      10273      10273
      10283      10283
      10273      10273
      10275      10275
      10274      10274
      10296      10296
      10297      10297
      10304      10304
      10282      10282
      10289      10289
      10286      10286
      10315      10315
      10314      10314
      10340      10340
      10346      10346
      10364      10364
      10361      10361
      10384      10384
      10384      10384
      10415      10415
      10408      10408
      10417      10417
      10409      10409
      10421      10421
      10424      10424
      10471      10471
      10472      10472
      10500      10500
      10493      10493
      10509      10509
      10515      10515
      10524      10524
      10541      10541
      10561      10561
      10554      10554
      10561      10561
      10548      10548
      10563      10563
      10563      10563
      10607      10607
      10595      10595
      10607      10607
      10610      10610
      10617      10617
      10608      10608
      10631      10631
      10636      10636
      10650      10650
      10650      10650
      10655      10655
      10653      10653
      10683      10683
      10682      10682
      10708      10708
      10716      10716
      10730      10730
      10708      10708
      10713      10713
      10696      10696
      10716      10716
      10710      10710
      10728      10728
      10705      10705
      10708      10708
      10709      10709
      10743      10743
      10743      10743
      10779      10779
      10777      10777
      10800      10800
      10789      10789
      10812      10812
      10819      10819
      10842      10842
      10842      10842
      10864      10864
      10853      10853
      10867      10867
      10867      10867
      10904      10904
      10907      10907
      10927      10927
      10920      10920
      10909      10909
      10910      10910
      10920      10920
      10935      10935
      10949      10949
      10949      10949
      10967      10967
      10962      10962
      10983      10983
      10980      10980
      11005      11005
      11008      11008
      11023      11023
      11005      11005
      11010      11010
      11008      11008
      11018      11018
      11020      11020
      11043      11043
      11046      11046
      11064      11064
      11063      11063
      11091      11091
      11106      11106
      11147      11147
      11132      11132
      11149      11149
      11127      11127
      11153      11153
      11143      11143
      11170      11170
      11165      11165
      11177      11177
      11186      11186
      11204      11204
      11187      11187
      11222      11222
      11228      11228
      11256      11256
      11239      11239
      11260      11260
      11247      11247
      11265      11265
      11262      11262
      11291      11291
      11293      11293
      11311      11311
      11304      11304
      11309      11309
      11301      11301
      11322      11322
      11318      11318
      11333      11333
      11314      11314
      11317      11317
      11300      11300
      11332      11332
      11326      11326
      11363      11363
      11355      11355
      11384      11384
      11376      11376
      11399      11399
      11394      11394
      11447      11447
      11432      11432
      11458      11458
      11422      11422
      11452      11452
      11420      11420
      11450      11450
      11450      11450
      11475      11475
      11461      11461
      11473      11473
      11461      11461
      11476      11476
      11472      11472
      11498      11498
      11496      11496
      11518      11518
      11498      11498
      11505      11505
      11517      11517
      11542      11542
      11570      11570
      11615      11615
      11608      11608
      11623      11623
      11621      11621
      11641      11641
      11644      11644
      11670      11670
      11669      11669
      11687      11687
      11673      11673
      11691      11691
      11705      11705
      11736      11736
      11757      11757
      11778      11778
      11751      11751
      11766      11766
      11764      11764
      11762      11762
      11750      11750
      11771      11771
      11757      11757
      11749      11749
      11732      11732
      11754      11754
      11750      11750
      11780      11780
      11780      11780
      11796      11796
      11769      11769
      11793      11793
      11784      11784
      11821      11821
      11821      11821
      11846      11846
      11838      11838
      11855      11855
      11863      11863
      11888      11888
      11893      11893
      11928      11928
      11923      11923
      11938      11938
      11911      11911
      11931      11931
      11924      11924
      11958      11958
      11959      11959
      11976      11976
      11989      11989
      12006      12006
      12017      12017
      12060      12060
      12067      12067
      12109      12109
      12093      12093
      12108      12108
      12086      12086
      12113      12113
      12103      12103
      12132      12132
      12124      12124
      12158      12158
      12129      12129
      12145      12145
      12139      12139
      12175      12175
      12163      12163
      12191      12191
      12176      12176
      12190      12190
      12172      12172
      12196      12196
      12215      12215
      12248      12248
      12237      12237
      12252      12252
      12237      12237
      12255      12255
      12268      12268
      12292      12292
      12287      12287
      12310      12310
      12270      12270
      12269      12269
      12251      12251
      12288      12288
      12296      12296
      12325      12325
      12317      12317
      12334      12334
      12320      12320
      12356      12356
      12344      12344
      12371      12371
      12363      12363
      12376      12376
      12347      12347
      12362      12362
      12351      12351
      12401      12401
      12387      12387
      12421      12421
      12412      12412
      12427      12427
      12423      12423
      12463      12463
      12462      12462
      12491      12491
      12485      12485
      12498      12498
      12480      12480
      12497      12497
      12515      12515
      12544      12544
      12543      12543
      12559      12559
      12546      12546
      12562      12562
      12545      12545
      12570      12570
      12575      12575
      12592      12592
      12573      12573
      12582      12582
      12592      12592
      12646      12646
      12653      12653
      12694      12694
      12704      12704
      12711      12711
      12714      12714
      12748      12748
      12721      12721
      12764      12764
      12737      12737
      12753      12753
      12715      12715
      12717      12717
      12706      12706
      12729      12729
      12724      12724
      12738      12738
      12725      12725
      12745      12745
      12702      12702
      12719      12719
      12711      12711
      12750      12750
      12731      12731
      12758      12758
      12734      12734
      12757      12757
      12753      12753
      12792      12792
      12801      12801
      12834      12834
      12814      12814
      12839      12839
      12807      12807
      12836      12836
      12835      12835
      12875      12875
      12870      12870
      12908      12908
      12907      12907
      12926      12926
      12940      12940
      12985      12985
      12993      12993
      13010      13010
      12984      12984
      12989      12989
      12988      12988
      13001      13001
      12988      12988
      13018      13018
      13002      13002
      13009      13009
      13001      13001
      13037      13037
      13028      13028
      13095      13095
      13065      13065
      13072      13072
      13060      13060
      13050      13050
      13055      13055
      13096      13096
      13092      13092
      13114      13114
      13096      13096
      13114      13114
      13103      13103
      13127      13127
      13125      13125
      13164      13164
      13139      13139
      13141      13141
      13116      13116
      13151      13151
      13135      13135
      13194      13194
      13211      13211
      13238      13238
      13230      13230
      13252      13252
      13265      13265
      13295      13295
      13304      13304
      13308      13308
      13288      13288
      13279      13279
      13272      13272
      13288      13288
      13280      13280
      13315      13315
      13306      13306
      13313      13313
      13313      13313
      13341      13341
      13333      13333
      13397      13397
      13382      13382
      13422      13422
      13389      13389
      13416      13416
      13413      13413
      13466      13466
      13472      13472
      13510      13510
      13508      13508
      13527      13527
      13500      13500
      13522      13522
      13508      13508
      13542      13542
      13525      13525
      13522      13522
      13500      13500
      13507      13507
      13503      13503
      13550      13550
      13551      13551
      13587      13587
      13555      13555
      13583      13583
      13545      13545
      13566      13566
      13555      13555
      13585      13585
      13566      13566
      13583      13583
      13551      13551
      13586      13586
      13580      13580
      13644      13644
      13632      13632
      13683      13683
      13670      13670
      13704      13704
      13680      13680
      13722      13722
      13719      13719
      13764      13764
      13714      13714
      13755      13755
      13725      13725
      13766      13766
      13760      13760
      13805      13805
      13782      13782
      13793      13793
      13763      13763
      13781      13781
      13748      13748
      13769      13769
      13775      13775
      13799      13799
      13785      13785
      13808      13808
      13816      13816
      13860      13860
      13868      13868
      13910      13910
      13892      13892
      13886      13886
      13843      13843
      13853      13853
      13831      13831
      13866      13866
      13845      13845
      13861      13861
      13820      13820
      13858      13858
      13848      13848
      13901      13901
      13903      13903
      13941      13941
      13920      13920
      13942      13942
      13926      13926
      13961      13961
      13962      13962
      14007      14007
      14000      14000
      14033      14033
      14013      14013
      14056      14056
      14038      14038
      14097      14097
      14089      14089
      14102      14102
      14083      14083
      14078      14078
      14052      14052
      14109      14109
      14103      14103
      14162      14162
      14139      14139
      14161      14161
      14144      14144
      14199      14199
      14195      14195
      14245      14245
      14218      14218
      14229      14229
      14176      14176
      14178      14178
      14161      14161
      14214      14214
      14203      14203
      14251      14251
      14235      14235
      14271      14271
      14236      14236
      14285      14285
      14273      14273
      14312      14312
      14288      14288
      14304      14304
      14260      14260
      14279      14279
      14273      14273
      14330      14330
      14336      14336
      14374      14374
      14332      14332
      14348      14348
      14352      14352
      14388      14388
      14405      14405
      14455      14455
      14416      14416
      14452      14452
      14434      14434
      14509      14509
      14521      14521
      14582      14582
      14586      14586
      14622      14622
      14587      14587
      14607      14607
      14575      14575
      14581      14581
      14550      14550
      14569      14569
      14495      14495
      14480      14480
      14448      14448
      14464      14464
      14477      14477
      14537      14537
      14490      14490
      14530      14530
      14493      14493
      14529      14529
      14528      14528
      14577      14577
      14564      14564
      14588      14588
      14558      14558
      14594      14594
      14596      14596
      14682      14682
      14686      14686
      14736      14736
      14703      14703
      14720      14720
      14678      14678
      14719      14719
      14707      14707
      14754      14754
      14736      14736
      14766      14766
      14726      14726
      14779      14779
      14783      14783
      14842      14842
      14839      14839
      14879      14879
      14822      14822
      14821      14821
      14772      14772
      14802      14802
      14786      14786
      14832      14832
      14789      14789
      14803      14803
      14776      14776
      14850      14850
      14851      14851
      14939      14939
      14934      14934
      14963      14963
      14909      14909
      14928      14928
      14904      14904
      14977      14977
      14950      14950
      14995      14995
      14960      14960
      14995      14995
      14952      14952
      15015      15015
      15036      15036
      15078      15078
      15053      15053
      15054      15054
      14991      14991
      15037      15037
      15023      15023
      15107      15107
      15125      15125
      15152      15152
      15119      15119
      15166      15166
      15121      15121
      15189      15189
      15175      15175
      15193      15193
      15128      15128
      15117      15117
      15013      15013
      15058      15058
      15014      15014
      15077      15077
      15073      15073
      15100      15100
      15098      15098
      15139      15139
      15159      15159
      15279      15279
      15278      15278
      15327      15327
      15264      15264
      15274      15274
      15236      15236
      15316      15316
      15308      15308
      15399      15399
      15356      15356
      15372      15372
      15308      15308
      15323      15323
      15293      15293
      15379      15379
      15329      15329
      15356      15356
      15240      15240
      15269      15269
      15223      15223
      15321      15321
      15346      15346
      15426      15426
      15388      15388
      15440      15440
      15374      15374
      15450      15450
      15429      15429
      15499      15499
      15448      15448
      15462      15462
      15367      15367
      15414      15414
      15394      15394
      15541      15541
      15549      15549
      15630      15630
      15563      15563
      15597      15597
      15548      15548
      15623      15623
      15589      15589
      15627      15627
      15532      15532
      15541      15541
      15419      15419
      15479      15479
      15461      15461
      15585      15585
      15554      15554
      15613      15613
      15507      15507
      15562      15562
      15501      15501
      15613      15613
      15604      15604
      15697      15697
      15639      15639
      15683      15683
      15647      15647
      15789      15789
      15807      15807
      15961      15961
      15891      15891
      15910      15910
      15743      15743
      15755      15755
      15657      15657
      15734      15734
      15660      15660
      15686      15686
      15548      15548
      15602      15602
      15552      15552
      15746      15746
      15790      15790
      15959      15959
      15878      15878
      15923      15923
      15793      15793
      15875      15875
      15838      15838
      15979      15979
      15909      15909
      15964      15964
      15810      15810
      15879      15879
      15834      15834
      16040      16040
      15997      15997
      16091      16091
      15893      15893
      15885      15885
      15705      15705
      15870      15870
      15857      15857
      16061      16061
      15982      15982
      16057      16057
      15950      15950
      16124      16124
      16119      16119
      16352      16352
      16277      16277
      16307      16307
      15979      15979
      15966      15966
      15772      15772
      15995      15995
      15957      15957
      16152      16152
      15998      15998
      16131      16131
      16005      16005
      16274      16274
      16310      16310
      16616      16616
      16416      16416
      16428      16428
      16003      16003
      16048      16048
      15872      15872
      16246      16246
      16165      16165
      16430      16430
      16110      16110
      16253      16253
      16014      16014
      16504      16504
      16462      16462
      16865      16865
      16375      16375
      16344      16344
      15636      15636
      15979      15979
      15884      15884
      16805      16805
      16633      16633
      17100      17100
      16029      16029
      16305      16305
      15422      15422
      16819      16819
      16212      16212
      17826      17826
      14701      14701
      17147      17147
 